
state={
	id=1446
	name="STATE_1446"
	provinces={
		1280 1299 20745 20751 20759 20768 20770 20777 20784 20791 20793 20794 20798 20812 20813 20818 20821 20824 20826 20830 20832 20835 20836 20837 20839 20846 20847 20848 20850 20851 20852 20853 20854 20859 20861 20864 20865 20867 20869 20872 20873 20874 20875 20882 20886 20887 20889 20891 20892 20894 20895 20898 20901 20902 20903 20909 20910 20912 20914 20916 20918 20919 20926 20930 20931 20936 20939 20940 20941 20942 20952 20954 20957 20959
	}
	manpower=1
	buildings_max_level_factor=1.000
	state_category=rural
	local_supplies=0.000
}
