
state={
	id=1447
	name="STATE_1447"
	provinces={
		1369 1397 8671 20866 20878 20880 20884 20888 20890 20893 20896 20897 20899 20900 20904 20905 20906 20907 20908 20911 20913 20915 20917 20920 20921 20922 20923 20924 20925 20927 20928 20929 20932 20933 20934 20935 20937 20938 20943 20944 20945 20946 20947 20948 20949 20950 20951 20955 20956 20958 20960 20961 20962 20963 20964 20965 20966 20968 20969 20973 20974 20975 20977 20978 20979 20980 20981 20982 20984 20985 20986 20987 20988 20989 20990 20991 20992 20993 20994 20995 20996 20997 20998 21000 21001 21002 21003 21004 21005 21006 21007 21008 21009 21011 21012 21013 21014 21015 21016 21017 21018 21019 21020 21021 21022 21023 21024 21025 21026 21028 21029 21030 21031 21032 21033 21034 21037 21038 21039 21040 21041 21042 21043 21044 21046 21048 21049 21050 21051 21052 21054 21056 21057 21058 21061 21062 21064 21065 21066 21067 21069
	}
	manpower=1
	buildings_max_level_factor=1.000
	state_category=rural
	local_supplies=0.000
}
